11100011
10100000
00000000
00001010
11100001
10100000
00010000
00000000
11100000
10000000
00100000
00000001
11100010
10000010
00110000
00001100
11100000
01000011
01000000
00000000
11100010
01000011
01010000
00011110
11100001
01010100
00000000
00000101
11001010
00000000
00000000
00000011
11100011
10100000
10000000
00010100
11100001
10100000
10010000
00000000
11100001
10001000
01110000
00001001
11101010
00000000
00000000
00000100
11100011
10100000
10100000
00010000
11100001
10100000
10110000
00000011
11100000
01001011
11000000
00001000
11100101
10010111
10000000
00000000
11100010
10001011
10010000
00110000
11100101
10001001
00100000
00000000
11100101
10011001
10100000
00000000
00000000
00000000
00000000
00000000
00000000
00000000
00000000
00000000
00000000
00000000
00000000
00000000
00000000
00000000
00000000
00000000
00000000
00000000
00000000
00000000
00000000
00000000
00000000
00000000